DATE,YEAR,DAY,MONTH,CODE,RAW DATE,VALUE (R$)
1993-01-01,1993,1,1,CONFAZ12_PISBA12,1993-01-01T00:00:00-02:00,7180703.0
1993-02-01,1993,1,2,CONFAZ12_PISBA12,1993-02-01T00:00:00-02:00,7450758.0
1993-03-01,1993,1,3,CONFAZ12_PISBA12,1993-03-01T00:00:00-03:00,7555226.0
1993-04-01,1993,1,4,CONFAZ12_PISBA12,1993-04-01T00:00:00-03:00,6845547.0
1993-05-01,1993,1,5,CONFAZ12_PISBA12,1993-05-01T00:00:00-03:00,7689287.0
1993-06-01,1993,1,6,CONFAZ12_PISBA12,1993-06-01T00:00:00-03:00,7124738.0
1993-07-01,1993,1,7,CONFAZ12_PISBA12,1993-07-01T00:00:00-03:00,7419313.0
1993-08-01,1993,1,8,CONFAZ12_PISBA12,1993-08-01T00:00:00-03:00,8461900.0
1993-09-01,1993,1,9,CONFAZ12_PISBA12,1993-09-01T00:00:00-03:00,8665649.0
1993-10-01,1993,1,10,CONFAZ12_PISBA12,1993-10-01T00:00:00-03:00,8097184.0
1993-11-01,1993,1,11,CONFAZ12_PISBA12,1993-11-01T00:00:00-03:00,13195629.0
1993-12-01,1993,1,12,CONFAZ12_PISBA12,1993-12-01T00:00:00-02:00,9196702.0
1994-01-01,1994,1,1,CONFAZ12_PISBA12,1994-01-01T00:00:00-02:00,8632019.0
1994-02-01,1994,1,2,CONFAZ12_PISBA12,1994-02-01T00:00:00-02:00,7403837.0
1994-03-01,1994,1,3,CONFAZ12_PISBA12,1994-03-01T00:00:00-03:00,7720440.0
1994-04-01,1994,1,4,CONFAZ12_PISBA12,1994-04-01T00:00:00-03:00,9447267.0
1994-05-01,1994,1,5,CONFAZ12_PISBA12,1994-05-01T00:00:00-03:00,9026219.0
1994-06-01,1994,1,6,CONFAZ12_PISBA12,1994-06-01T00:00:00-03:00,8046980.0
1994-07-01,1994,1,7,CONFAZ12_PISBA12,1994-07-01T00:00:00-03:00,9840038.0
1994-08-01,1994,1,8,CONFAZ12_PISBA12,1994-08-01T00:00:00-03:00,10309350.0
1994-09-01,1994,1,9,CONFAZ12_PISBA12,1994-09-01T00:00:00-03:00,12003422.0
1994-10-01,1994,1,10,CONFAZ12_PISBA12,1994-10-01T00:00:00-03:00,11714216.0
1994-11-01,1994,1,11,CONFAZ12_PISBA12,1994-11-01T00:00:00-03:00,11608956.0
1994-12-01,1994,1,12,CONFAZ12_PISBA12,1994-12-01T00:00:00-02:00,11813967.0
1995-01-01,1995,1,1,CONFAZ12_PISBA12,1995-01-01T00:00:00-02:00,15631012.0
1995-02-01,1995,1,2,CONFAZ12_PISBA12,1995-02-01T00:00:00-02:00,11371254.0
1995-03-01,1995,1,3,CONFAZ12_PISBA12,1995-03-01T00:00:00-03:00,15105760.0
1995-04-01,1995,1,4,CONFAZ12_PISBA12,1995-04-01T00:00:00-03:00,13068944.0
1995-05-01,1995,1,5,CONFAZ12_PISBA12,1995-05-01T00:00:00-03:00,12944943.0
1995-06-01,1995,1,6,CONFAZ12_PISBA12,1995-06-01T00:00:00-03:00,13078317.0
1995-07-01,1995,1,7,CONFAZ12_PISBA12,1995-07-01T00:00:00-03:00,13155330.0
1995-08-01,1995,1,8,CONFAZ12_PISBA12,1995-08-01T00:00:00-03:00,13574587.0
1995-09-01,1995,1,9,CONFAZ12_PISBA12,1995-09-01T00:00:00-03:00,13262201.0
1995-10-01,1995,1,10,CONFAZ12_PISBA12,1995-10-01T00:00:00-03:00,14539304.0
1995-11-01,1995,1,11,CONFAZ12_PISBA12,1995-11-01T00:00:00-03:00,22378418.0
1995-12-01,1995,1,12,CONFAZ12_PISBA12,1995-12-01T00:00:00-02:00,12671231.0
1996-01-01,1996,1,1,CONFAZ12_PISBA12,1996-01-01T00:00:00-02:00,15330946.0
1996-02-01,1996,1,2,CONFAZ12_PISBA12,1996-02-01T00:00:00-02:00,12050720.0
1996-03-01,1996,1,3,CONFAZ12_PISBA12,1996-03-01T00:00:00-03:00,14019885.0
1996-04-01,1996,1,4,CONFAZ12_PISBA12,1996-04-01T00:00:00-03:00,14234053.0
1996-05-01,1996,1,5,CONFAZ12_PISBA12,1996-05-01T00:00:00-03:00,13506261.0
1996-06-01,1996,1,6,CONFAZ12_PISBA12,1996-06-01T00:00:00-03:00,13355237.0
1996-07-01,1996,1,7,CONFAZ12_PISBA12,1996-07-01T00:00:00-03:00,14936204.0
1996-08-01,1996,1,8,CONFAZ12_PISBA12,1996-08-01T00:00:00-03:00,15106959.0
1996-09-01,1996,1,9,CONFAZ12_PISBA12,1996-09-01T00:00:00-03:00,14087742.0
1996-10-01,1996,1,10,CONFAZ12_PISBA12,1996-10-01T00:00:00-03:00,15151695.0
1996-11-01,1996,1,11,CONFAZ12_PISBA12,1996-11-01T00:00:00-03:00,17091931.0
1996-12-01,1996,1,12,CONFAZ12_PISBA12,1996-12-01T00:00:00-02:00,15280374.0
1997-01-01,1997,1,1,CONFAZ12_PISBA12,1997-01-01T00:00:00-02:00,17173109.0
1997-02-01,1997,1,2,CONFAZ12_PISBA12,1997-02-01T00:00:00-02:00,14471727.0
1997-03-01,1997,1,3,CONFAZ12_PISBA12,1997-03-01T00:00:00-03:00,16176549.0
1997-04-01,1997,1,4,CONFAZ12_PISBA12,1997-04-01T00:00:00-03:00,15400959.0
1997-05-01,1997,1,5,CONFAZ12_PISBA12,1997-05-01T00:00:00-03:00,
1997-06-01,1997,1,6,CONFAZ12_PISBA12,1997-06-01T00:00:00-03:00,
1997-07-01,1997,1,7,CONFAZ12_PISBA12,1997-07-01T00:00:00-03:00,
1997-08-01,1997,1,8,CONFAZ12_PISBA12,1997-08-01T00:00:00-03:00,
1997-09-01,1997,1,9,CONFAZ12_PISBA12,1997-09-01T00:00:00-03:00,
1997-10-01,1997,1,10,CONFAZ12_PISBA12,1997-10-01T00:00:00-03:00,
1997-11-01,1997,1,11,CONFAZ12_PISBA12,1997-11-01T00:00:00-03:00,
1997-12-01,1997,1,12,CONFAZ12_PISBA12,1997-12-01T00:00:00-02:00,
1998-01-01,1998,1,1,CONFAZ12_PISBA12,1998-01-01T00:00:00-02:00,
1998-02-01,1998,1,2,CONFAZ12_PISBA12,1998-02-01T00:00:00-02:00,
1998-03-01,1998,1,3,CONFAZ12_PISBA12,1998-03-01T00:00:00-03:00,
1998-04-01,1998,1,4,CONFAZ12_PISBA12,1998-04-01T00:00:00-03:00,
1998-05-01,1998,1,5,CONFAZ12_PISBA12,1998-05-01T00:00:00-03:00,
1998-06-01,1998,1,6,CONFAZ12_PISBA12,1998-06-01T00:00:00-03:00,
1998-07-01,1998,1,7,CONFAZ12_PISBA12,1998-07-01T00:00:00-03:00,
1998-08-01,1998,1,8,CONFAZ12_PISBA12,1998-08-01T00:00:00-03:00,
1998-09-01,1998,1,9,CONFAZ12_PISBA12,1998-09-01T00:00:00-03:00,
1998-10-01,1998,1,10,CONFAZ12_PISBA12,1998-10-01T00:00:00-03:00,
1998-11-01,1998,1,11,CONFAZ12_PISBA12,1998-11-01T00:00:00-03:00,
1998-12-01,1998,1,12,CONFAZ12_PISBA12,1998-12-01T00:00:00-02:00,
1999-01-01,1999,1,1,CONFAZ12_PISBA12,1999-01-01T00:00:00-02:00,
1999-02-01,1999,1,2,CONFAZ12_PISBA12,1999-02-01T00:00:00-02:00,
1999-03-01,1999,1,3,CONFAZ12_PISBA12,1999-03-01T00:00:00-03:00,
1999-04-01,1999,1,4,CONFAZ12_PISBA12,1999-04-01T00:00:00-03:00,
1999-05-01,1999,1,5,CONFAZ12_PISBA12,1999-05-01T00:00:00-03:00,
1999-06-01,1999,1,6,CONFAZ12_PISBA12,1999-06-01T00:00:00-03:00,
1999-07-01,1999,1,7,CONFAZ12_PISBA12,1999-07-01T00:00:00-03:00,
1999-08-01,1999,1,8,CONFAZ12_PISBA12,1999-08-01T00:00:00-03:00,
1999-09-01,1999,1,9,CONFAZ12_PISBA12,1999-09-01T00:00:00-03:00,
1999-10-01,1999,1,10,CONFAZ12_PISBA12,1999-10-01T00:00:00-03:00,
1999-11-01,1999,1,11,CONFAZ12_PISBA12,1999-11-01T00:00:00-03:00,
1999-12-01,1999,1,12,CONFAZ12_PISBA12,1999-12-01T00:00:00-02:00,
2000-01-01,2000,1,1,CONFAZ12_PISBA12,2000-01-01T00:00:00-02:00,23138894.0
2000-02-01,2000,1,2,CONFAZ12_PISBA12,2000-02-01T00:00:00-02:00,19204205.0
2000-03-01,2000,1,3,CONFAZ12_PISBA12,2000-03-01T00:00:00-03:00,21460226.0
2000-04-01,2000,1,4,CONFAZ12_PISBA12,2000-04-01T00:00:00-03:00,19517134.0
2000-05-01,2000,1,5,CONFAZ12_PISBA12,2000-05-01T00:00:00-03:00,17134004.0
2000-06-01,2000,1,6,CONFAZ12_PISBA12,2000-06-01T00:00:00-03:00,18067399.0
2000-07-01,2000,1,7,CONFAZ12_PISBA12,2000-07-01T00:00:00-03:00,18219102.0
2000-08-01,2000,1,8,CONFAZ12_PISBA12,2000-08-01T00:00:00-03:00,19593493.0
2000-09-01,2000,1,9,CONFAZ12_PISBA12,2000-09-01T00:00:00-03:00,22347088.0
2000-10-01,2000,1,10,CONFAZ12_PISBA12,2000-10-01T00:00:00-03:00,21242087.0
2000-11-01,2000,1,11,CONFAZ12_PISBA12,2000-11-01T00:00:00-03:00,21091823.0
2000-12-01,2000,1,12,CONFAZ12_PISBA12,2000-12-01T00:00:00-02:00,22041042.0
2001-01-01,2001,1,1,CONFAZ12_PISBA12,2001-01-01T00:00:00-02:00,22993513.0
2001-02-01,2001,1,2,CONFAZ12_PISBA12,2001-02-01T00:00:00-02:00,20173051.0
2001-03-01,2001,1,3,CONFAZ12_PISBA12,2001-03-01T00:00:00-03:00,20515559.0
2001-04-01,2001,1,4,CONFAZ12_PISBA12,2001-04-01T00:00:00-03:00,22613637.0
2001-05-01,2001,1,5,CONFAZ12_PISBA12,2001-05-01T00:00:00-03:00,22118640.0
2001-06-01,2001,1,6,CONFAZ12_PISBA12,2001-06-01T00:00:00-03:00,23493926.0
2001-07-01,2001,1,7,CONFAZ12_PISBA12,2001-07-01T00:00:00-03:00,23026323.0
2001-08-01,2001,1,8,CONFAZ12_PISBA12,2001-08-01T00:00:00-03:00,22957036.0
2001-09-01,2001,1,9,CONFAZ12_PISBA12,2001-09-01T00:00:00-03:00,22952694.0
2001-10-01,2001,1,10,CONFAZ12_PISBA12,2001-10-01T00:00:00-03:00,21942792.0
2001-11-01,2001,1,11,CONFAZ12_PISBA12,2001-11-01T00:00:00-03:00,22350845.0
2001-12-01,2001,1,12,CONFAZ12_PISBA12,2001-12-01T00:00:00-02:00,21300507.0
2002-01-01,2002,1,1,CONFAZ12_PISBA12,2002-01-01T00:00:00-02:00,26611391.0
2002-02-01,2002,1,2,CONFAZ12_PISBA12,2002-02-01T00:00:00-02:00,20746141.0
2002-03-01,2002,1,3,CONFAZ12_PISBA12,2002-03-01T00:00:00-03:00,19392623.0
2002-04-01,2002,1,4,CONFAZ12_PISBA12,2002-04-01T00:00:00-03:00,20675009.0
2002-05-01,2002,1,5,CONFAZ12_PISBA12,2002-05-01T00:00:00-03:00,21866415.0
2002-06-01,2002,1,6,CONFAZ12_PISBA12,2002-06-01T00:00:00-03:00,24418112.0
2002-07-01,2002,1,7,CONFAZ12_PISBA12,2002-07-01T00:00:00-03:00,23848060.0
2002-08-01,2002,1,8,CONFAZ12_PISBA12,2002-08-01T00:00:00-03:00,28182526.0
2002-09-01,2002,1,9,CONFAZ12_PISBA12,2002-09-01T00:00:00-03:00,27550545.0
2002-10-01,2002,1,10,CONFAZ12_PISBA12,2002-10-01T00:00:00-03:00,29970226.0
2002-11-01,2002,1,11,CONFAZ12_PISBA12,2002-11-01T00:00:00-03:00,31698458.0
2002-12-01,2002,1,12,CONFAZ12_PISBA12,2002-12-01T00:00:00-02:00,35831784.0
2003-01-01,2003,1,1,CONFAZ12_PISBA12,2003-01-01T00:00:00-02:00,32299030.0
2003-02-01,2003,1,2,CONFAZ12_PISBA12,2003-02-01T00:00:00-02:00,26380569.0
2003-03-01,2003,1,3,CONFAZ12_PISBA12,2003-03-01T00:00:00-03:00,26567004.0
2003-04-01,2003,1,4,CONFAZ12_PISBA12,2003-04-01T00:00:00-03:00,27322327.0
2003-05-01,2003,1,5,CONFAZ12_PISBA12,2003-05-01T00:00:00-03:00,28935269.0
2003-06-01,2003,1,6,CONFAZ12_PISBA12,2003-06-01T00:00:00-03:00,23310460.0
2003-07-01,2003,1,7,CONFAZ12_PISBA12,2003-07-01T00:00:00-03:00,23123212.0
2003-08-01,2003,1,8,CONFAZ12_PISBA12,2003-08-01T00:00:00-03:00,25847487.0
2003-09-01,2003,1,9,CONFAZ12_PISBA12,2003-09-01T00:00:00-03:00,30148572.0
2003-10-01,2003,1,10,CONFAZ12_PISBA12,2003-10-01T00:00:00-03:00,31466438.0
2003-11-01,2003,1,11,CONFAZ12_PISBA12,2003-11-01T00:00:00-03:00,31967220.0
2003-12-01,2003,1,12,CONFAZ12_PISBA12,2003-12-01T00:00:00-02:00,34452993.0
2004-01-01,2004,1,1,CONFAZ12_PISBA12,2004-01-01T00:00:00-02:00,33752843.0
2004-02-01,2004,1,2,CONFAZ12_PISBA12,2004-02-01T00:00:00-02:00,31123875.0
2004-03-01,2004,1,3,CONFAZ12_PISBA12,2004-03-01T00:00:00-03:00,27455750.0
2004-04-01,2004,1,4,CONFAZ12_PISBA12,2004-04-01T00:00:00-03:00,26883475.0
2004-05-01,2004,1,5,CONFAZ12_PISBA12,2004-05-01T00:00:00-03:00,45759227.0
2004-06-01,2004,1,6,CONFAZ12_PISBA12,2004-06-01T00:00:00-03:00,40579104.0
2004-07-01,2004,1,7,CONFAZ12_PISBA12,2004-07-01T00:00:00-03:00,40101335.0
2004-08-01,2004,1,8,CONFAZ12_PISBA12,2004-08-01T00:00:00-03:00,47094742.0
2004-09-01,2004,1,9,CONFAZ12_PISBA12,2004-09-01T00:00:00-03:00,44768056.0
2004-10-01,2004,1,10,CONFAZ12_PISBA12,2004-10-01T00:00:00-03:00,43768057.0
2004-11-01,2004,1,11,CONFAZ12_PISBA12,2004-11-01T00:00:00-03:00,43822695.0
2004-12-01,2004,1,12,CONFAZ12_PISBA12,2004-12-01T00:00:00-02:00,53616503.0
2005-01-01,2005,1,1,CONFAZ12_PISBA12,2005-01-01T00:00:00-02:00,59473085.0
2005-02-01,2005,1,2,CONFAZ12_PISBA12,2005-02-01T00:00:00-02:00,51589018.0
2005-03-01,2005,1,3,CONFAZ12_PISBA12,2005-03-01T00:00:00-03:00,51884066.0
2005-04-01,2005,1,4,CONFAZ12_PISBA12,2005-04-01T00:00:00-03:00,56833449.0
2005-05-01,2005,1,5,CONFAZ12_PISBA12,2005-05-01T00:00:00-03:00,59449082.0
2005-06-01,2005,1,6,CONFAZ12_PISBA12,2005-06-01T00:00:00-03:00,47840735.0
2005-07-01,2005,1,7,CONFAZ12_PISBA12,2005-07-01T00:00:00-03:00,50004866.0
2005-08-01,2005,1,8,CONFAZ12_PISBA12,2005-08-01T00:00:00-03:00,47855455.0
2005-09-01,2005,1,9,CONFAZ12_PISBA12,2005-09-01T00:00:00-03:00,49371215.0
2005-10-01,2005,1,10,CONFAZ12_PISBA12,2005-10-01T00:00:00-03:00,51397710.0
2005-11-01,2005,1,11,CONFAZ12_PISBA12,2005-11-01T00:00:00-02:00,46493050.0
2005-12-01,2005,1,12,CONFAZ12_PISBA12,2005-12-01T00:00:00-02:00,54364412.0
2006-01-01,2006,1,1,CONFAZ12_PISBA12,2006-01-01T00:00:00-02:00,51732643.0
2006-02-01,2006,1,2,CONFAZ12_PISBA12,2006-02-01T00:00:00-02:00,41927709.0
2006-03-01,2006,1,3,CONFAZ12_PISBA12,2006-03-01T00:00:00-03:00,48995308.0
2006-04-01,2006,1,4,CONFAZ12_PISBA12,2006-04-01T00:00:00-03:00,44188673.0
2006-05-01,2006,1,5,CONFAZ12_PISBA12,2006-05-01T00:00:00-03:00,44875795.0
2006-06-01,2006,1,6,CONFAZ12_PISBA12,2006-06-01T00:00:00-03:00,50521163.0
2006-07-01,2006,1,7,CONFAZ12_PISBA12,2006-07-01T00:00:00-03:00,43214900.0
2006-08-01,2006,1,8,CONFAZ12_PISBA12,2006-08-01T00:00:00-03:00,47140920.0
2006-09-01,2006,1,9,CONFAZ12_PISBA12,2006-09-01T00:00:00-03:00,58085812.0
2006-10-01,2006,1,10,CONFAZ12_PISBA12,2006-10-01T00:00:00-03:00,57169432.0
2006-11-01,2006,1,11,CONFAZ12_PISBA12,2006-11-01T00:00:00-03:00,53549311.0
2006-12-01,2006,1,12,CONFAZ12_PISBA12,2006-12-01T00:00:00-02:00,53066398.0
2007-01-01,2007,1,1,CONFAZ12_PISBA12,2007-01-01T00:00:00-02:00,62401901.0
2007-02-01,2007,1,2,CONFAZ12_PISBA12,2007-02-01T00:00:00-02:00,47765923.0
2007-03-01,2007,1,3,CONFAZ12_PISBA12,2007-03-01T00:00:00-03:00,55892441.0
2007-04-01,2007,1,4,CONFAZ12_PISBA12,2007-04-01T00:00:00-03:00,50795908.0
2007-05-01,2007,1,5,CONFAZ12_PISBA12,2007-05-01T00:00:00-03:00,51996659.0
2007-06-01,2007,1,6,CONFAZ12_PISBA12,2007-06-01T00:00:00-03:00,54105507.0
2007-07-01,2007,1,7,CONFAZ12_PISBA12,2007-07-01T00:00:00-03:00,50945747.0
2007-08-01,2007,1,8,CONFAZ12_PISBA12,2007-08-01T00:00:00-03:00,71064685.0
2007-09-01,2007,1,9,CONFAZ12_PISBA12,2007-09-01T00:00:00-03:00,64402057.0
2007-10-01,2007,1,10,CONFAZ12_PISBA12,2007-10-01T00:00:00-03:00,58808766.0
2007-11-01,2007,1,11,CONFAZ12_PISBA12,2007-11-01T00:00:00-02:00,59383608.0
2007-12-01,2007,1,12,CONFAZ12_PISBA12,2007-12-01T00:00:00-02:00,65839823.0
2008-01-01,2008,1,1,CONFAZ12_PISBA12,2008-01-01T00:00:00-02:00,74282070.83
2008-02-01,2008,1,2,CONFAZ12_PISBA12,2008-02-01T00:00:00-02:00,103403131.02
2008-03-01,2008,1,3,CONFAZ12_PISBA12,2008-03-01T00:00:00-03:00,68291823.78
2008-04-01,2008,1,4,CONFAZ12_PISBA12,2008-04-01T00:00:00-03:00,64261765.07
2008-05-01,2008,1,5,CONFAZ12_PISBA12,2008-05-01T00:00:00-03:00,66604675.33
2008-06-01,2008,1,6,CONFAZ12_PISBA12,2008-06-01T00:00:00-03:00,65444090.6
2008-07-01,2008,1,7,CONFAZ12_PISBA12,2008-07-01T00:00:00-03:00,65045331.46
2008-08-01,2008,1,8,CONFAZ12_PISBA12,2008-08-01T00:00:00-03:00,64833808.19
2008-09-01,2008,1,9,CONFAZ12_PISBA12,2008-09-01T00:00:00-03:00,77275845.72
2008-10-01,2008,1,10,CONFAZ12_PISBA12,2008-10-01T00:00:00-03:00,78650049.95
2008-11-01,2008,1,11,CONFAZ12_PISBA12,2008-11-01T00:00:00-02:00,70034415.92
2008-12-01,2008,1,12,CONFAZ12_PISBA12,2008-12-01T00:00:00-02:00,68776291.35
2009-01-01,2009,1,1,CONFAZ12_PISBA12,2009-01-01T00:00:00-02:00,64531669.77
2009-02-01,2009,1,2,CONFAZ12_PISBA12,2009-02-01T00:00:00-02:00,57457835.67
2009-03-01,2009,1,3,CONFAZ12_PISBA12,2009-03-01T00:00:00-03:00,62980461.18
2009-04-01,2009,1,4,CONFAZ12_PISBA12,2009-04-01T00:00:00-03:00,65150906.03
2009-05-01,2009,1,5,CONFAZ12_PISBA12,2009-05-01T00:00:00-03:00,64231732.36
2009-06-01,2009,1,6,CONFAZ12_PISBA12,2009-06-01T00:00:00-03:00,70077858.58
2009-07-01,2009,1,7,CONFAZ12_PISBA12,2009-07-01T00:00:00-03:00,69185723.06
2009-08-01,2009,1,8,CONFAZ12_PISBA12,2009-08-01T00:00:00-03:00,70355438.83
2009-09-01,2009,1,9,CONFAZ12_PISBA12,2009-09-01T00:00:00-03:00,139323935.67
2009-10-01,2009,1,10,CONFAZ12_PISBA12,2009-10-01T00:00:00-03:00,75184601.88
2009-11-01,2009,1,11,CONFAZ12_PISBA12,2009-11-01T00:00:00-02:00,67790085.35
2009-12-01,2009,1,12,CONFAZ12_PISBA12,2009-12-01T00:00:00-02:00,70590346.99
2010-01-01,2010,1,1,CONFAZ12_PISBA12,2010-01-01T00:00:00-02:00,73078330.07
2010-02-01,2010,1,2,CONFAZ12_PISBA12,2010-02-01T00:00:00-02:00,70360395.41
2010-03-01,2010,1,3,CONFAZ12_PISBA12,2010-03-01T00:00:00-03:00,74495339.12
2010-04-01,2010,1,4,CONFAZ12_PISBA12,2010-04-01T00:00:00-03:00,76146828.83
2010-05-01,2010,1,5,CONFAZ12_PISBA12,2010-05-01T00:00:00-03:00,76518535.68
2010-06-01,2010,1,6,CONFAZ12_PISBA12,2010-06-01T00:00:00-03:00,80088685.24
2010-07-01,2010,1,7,CONFAZ12_PISBA12,2010-07-01T00:00:00-03:00,75663870.82
2010-08-01,2010,1,8,CONFAZ12_PISBA12,2010-08-01T00:00:00-03:00,79081724.08
2010-09-01,2010,1,9,CONFAZ12_PISBA12,2010-09-01T00:00:00-03:00,77263400.77
2010-10-01,2010,1,10,CONFAZ12_PISBA12,2010-10-01T00:00:00-03:00,80610458.77
2010-11-01,2010,1,11,CONFAZ12_PISBA12,2010-11-01T00:00:00-02:00,95101003.66
2010-12-01,2010,1,12,CONFAZ12_PISBA12,2010-12-01T00:00:00-02:00,81716710.91
2011-01-01,2011,1,1,CONFAZ12_PISBA12,2011-01-01T00:00:00-02:00,89042022.62
2011-02-01,2011,1,2,CONFAZ12_PISBA12,2011-02-01T00:00:00-02:00,78238583.78
2011-03-01,2011,1,3,CONFAZ12_PISBA12,2011-03-01T00:00:00-03:00,83030336.9
2011-04-01,2011,1,4,CONFAZ12_PISBA12,2011-04-01T00:00:00-03:00,84410309.89
2011-05-01,2011,1,5,CONFAZ12_PISBA12,2011-05-01T00:00:00-03:00,98309197.86
2011-06-01,2011,1,6,CONFAZ12_PISBA12,2011-06-01T00:00:00-03:00,88872433.68
2011-07-01,2011,1,7,CONFAZ12_PISBA12,2011-07-01T00:00:00-03:00,79936546.0
2011-08-01,2011,1,8,CONFAZ12_PISBA12,2011-08-01T00:00:00-03:00,90345838.51
2011-09-01,2011,1,9,CONFAZ12_PISBA12,2011-09-01T00:00:00-03:00,91206764.53
2011-10-01,2011,1,10,CONFAZ12_PISBA12,2011-10-01T00:00:00-03:00,92666407.64
2011-11-01,2011,1,11,CONFAZ12_PISBA12,2011-11-01T00:00:00-02:00,86018895.97
2011-12-01,2011,1,12,CONFAZ12_PISBA12,2011-12-01T00:00:00-02:00,92597657.06
2012-01-01,2012,1,1,CONFAZ12_PISBA12,2012-01-01T00:00:00-02:00,97058197.81
2012-02-01,2012,1,2,CONFAZ12_PISBA12,2012-02-01T00:00:00-02:00,83087960.79
2012-03-01,2012,1,3,CONFAZ12_PISBA12,2012-03-01T00:00:00-03:00,97054297.25
2012-04-01,2012,1,4,CONFAZ12_PISBA12,2012-04-01T00:00:00-03:00,92711125.56
2012-05-01,2012,1,5,CONFAZ12_PISBA12,2012-05-01T00:00:00-03:00,88664816.52
2012-06-01,2012,1,6,CONFAZ12_PISBA12,2012-06-01T00:00:00-03:00,106033494.45
2012-07-01,2012,1,7,CONFAZ12_PISBA12,2012-07-01T00:00:00-03:00,101825155.23
2012-08-01,2012,1,8,CONFAZ12_PISBA12,2012-08-01T00:00:00-03:00,105575210.18
2012-09-01,2012,1,9,CONFAZ12_PISBA12,2012-09-01T00:00:00-03:00,101143432.9
2012-10-01,2012,1,10,CONFAZ12_PISBA12,2012-10-01T00:00:00-03:00,112486621.25
2012-11-01,2012,1,11,CONFAZ12_PISBA12,2012-11-01T00:00:00-02:00,96346257.19
2012-12-01,2012,1,12,CONFAZ12_PISBA12,2012-12-01T00:00:00-02:00,115212868.39
2013-01-01,2013,1,1,CONFAZ12_PISBA12,2013-01-01T00:00:00-02:00,110783046.23
2013-02-01,2013,1,2,CONFAZ12_PISBA12,2013-02-01T00:00:00-02:00,99314049.7
2013-03-01,2013,1,3,CONFAZ12_PISBA12,2013-03-01T00:00:00-03:00,113755596.55
2013-04-01,2013,1,4,CONFAZ12_PISBA12,2013-04-01T00:00:00-03:00,100140194.15
2013-05-01,2013,1,5,CONFAZ12_PISBA12,2013-05-01T00:00:00-03:00,104352397.34
2013-06-01,2013,1,6,CONFAZ12_PISBA12,2013-06-01T00:00:00-03:00,116894807.0
2013-07-01,2013,1,7,CONFAZ12_PISBA12,2013-07-01T00:00:00-03:00,115795402.22
2013-08-01,2013,1,8,CONFAZ12_PISBA12,2013-08-01T00:00:00-03:00,115824375.41
2013-09-01,2013,1,9,CONFAZ12_PISBA12,2013-09-01T00:00:00-03:00,112999852.0
2013-10-01,2013,1,10,CONFAZ12_PISBA12,2013-10-01T00:00:00-03:00,111837636.0
2013-11-01,2013,1,11,CONFAZ12_PISBA12,2013-11-01T00:00:00-02:00,100278997.0
2013-12-01,2013,1,12,CONFAZ12_PISBA12,2013-12-01T00:00:00-02:00,131561529.0
2014-01-01,2014,1,1,CONFAZ12_PISBA12,2014-01-01T00:00:00-02:00,112600407.0
2014-02-01,2014,1,2,CONFAZ12_PISBA12,2014-02-01T00:00:00-02:00,110298605.0
2014-03-01,2014,1,3,CONFAZ12_PISBA12,2014-03-01T00:00:00-03:00,108151005.0
2014-04-01,2014,1,4,CONFAZ12_PISBA12,2014-04-01T00:00:00-03:00,88170418.0
2014-05-01,2014,1,5,CONFAZ12_PISBA12,2014-05-01T00:00:00-03:00,115103831.0
2014-06-01,2014,1,6,CONFAZ12_PISBA12,2014-06-01T00:00:00-03:00,105144221.0
2014-07-01,2014,1,7,CONFAZ12_PISBA12,2014-07-01T00:00:00-03:00,98106585.0
2014-08-01,2014,1,8,CONFAZ12_PISBA12,2014-08-01T00:00:00-03:00,95527650.0
2014-09-01,2014,1,9,CONFAZ12_PISBA12,2014-09-01T00:00:00-03:00,113702234.0
2014-10-01,2014,1,10,CONFAZ12_PISBA12,2014-10-01T00:00:00-03:00,117894105.0
2014-11-01,2014,1,11,CONFAZ12_PISBA12,2014-11-01T00:00:00-02:00,114545147.0
2014-12-01,2014,1,12,CONFAZ12_PISBA12,2014-12-01T00:00:00-02:00,122192528.0
2015-01-01,2015,1,1,CONFAZ12_PISBA12,2015-01-01T00:00:00-02:00,123426079.0
2015-02-01,2015,1,2,CONFAZ12_PISBA12,2015-02-01T00:00:00-02:00,96807598.0
2015-03-01,2015,1,3,CONFAZ12_PISBA12,2015-03-01T00:00:00-03:00,107473850.0
2015-04-01,2015,1,4,CONFAZ12_PISBA12,2015-04-01T00:00:00-03:00,112344945.0
2015-05-01,2015,1,5,CONFAZ12_PISBA12,2015-05-01T00:00:00-03:00,114600259.0
2015-06-01,2015,1,6,CONFAZ12_PISBA12,2015-06-01T00:00:00-03:00,109900830.87
2015-07-01,2015,1,7,CONFAZ12_PISBA12,2015-07-01T00:00:00-03:00,110282186.06
2015-08-01,2015,1,8,CONFAZ12_PISBA12,2015-08-01T00:00:00-03:00,115849000.17
2015-09-01,2015,1,9,CONFAZ12_PISBA12,2015-09-01T00:00:00-03:00,109896282.83
2015-10-01,2015,1,10,CONFAZ12_PISBA12,2015-10-01T00:00:00-03:00,115155531.41
2015-11-01,2015,1,11,CONFAZ12_PISBA12,2015-11-01T00:00:00-02:00,119572955.55
2015-12-01,2015,1,12,CONFAZ12_PISBA12,2015-12-01T00:00:00-02:00,113369182.48
2016-01-01,2016,1,1,CONFAZ12_PISBA12,2016-01-01T00:00:00-02:00,125170269.4
2016-02-01,2016,1,2,CONFAZ12_PISBA12,2016-02-01T00:00:00-02:00,109014591.08
2016-03-01,2016,1,3,CONFAZ12_PISBA12,2016-03-01T00:00:00-03:00,112099080.48
2016-04-01,2016,1,4,CONFAZ12_PISBA12,2016-04-01T00:00:00-03:00,114828967.59
2016-05-01,2016,1,5,CONFAZ12_PISBA12,2016-05-01T00:00:00-03:00,120187863.13
2016-06-01,2016,1,6,CONFAZ12_PISBA12,2016-06-01T00:00:00-03:00,120137350.77
2016-07-01,2016,1,7,CONFAZ12_PISBA12,2016-07-01T00:00:00-03:00,110296777.54
2016-08-01,2016,1,8,CONFAZ12_PISBA12,2016-08-01T00:00:00-03:00,119208964.87
2016-09-01,2016,1,9,CONFAZ12_PISBA12,2016-09-01T00:00:00-03:00,117316118.88
2016-10-01,2016,1,10,CONFAZ12_PISBA12,2016-10-01T00:00:00-03:00,116530724.45
2016-11-01,2016,1,11,CONFAZ12_PISBA12,2016-11-01T00:00:00-02:00,123363812.58
2016-12-01,2016,1,12,CONFAZ12_PISBA12,2016-12-01T00:00:00-02:00,127485879.73
2017-01-01,2017,1,1,CONFAZ12_PISBA12,2017-01-01T00:00:00-02:00,134747284.78
2017-02-01,2017,1,2,CONFAZ12_PISBA12,2017-02-01T00:00:00-02:00,107885772.78
2017-03-01,2017,1,3,CONFAZ12_PISBA12,2017-03-01T00:00:00-03:00,123445245.56
2017-04-01,2017,1,4,CONFAZ12_PISBA12,2017-04-01T00:00:00-03:00,125994009.27
2017-05-01,2017,1,5,CONFAZ12_PISBA12,2017-05-01T00:00:00-03:00,116995145.85
2017-06-01,2017,1,6,CONFAZ12_PISBA12,2017-06-01T00:00:00-03:00,109066035.74
2017-07-01,2017,1,7,CONFAZ12_PISBA12,2017-07-01T00:00:00-03:00,121430040.14
2017-08-01,2017,1,8,CONFAZ12_PISBA12,2017-08-01T00:00:00-03:00,131275676.69
2017-09-01,2017,1,9,CONFAZ12_PISBA12,2017-09-01T00:00:00-03:00,126274291.8
2017-10-01,2017,1,10,CONFAZ12_PISBA12,2017-10-01T00:00:00-03:00,139646671.39
2017-11-01,2017,1,11,CONFAZ12_PISBA12,2017-11-01T00:00:00-02:00,146610470.02
2017-12-01,2017,1,12,CONFAZ12_PISBA12,2017-12-01T00:00:00-02:00,138176685.14
2018-01-01,2018,1,1,CONFAZ12_PISBA12,2018-01-01T00:00:00-02:00,142144298.42
2018-02-01,2018,1,2,CONFAZ12_PISBA12,2018-02-01T00:00:00-02:00,128717391.49
2018-03-01,2018,1,3,CONFAZ12_PISBA12,2018-03-01T00:00:00-03:00,126198122.88
2018-04-01,2018,1,4,CONFAZ12_PISBA12,2018-04-01T00:00:00-03:00,148139607.94
2018-05-01,2018,1,5,CONFAZ12_PISBA12,2018-05-01T00:00:00-03:00,132681747.64
2018-06-01,2018,1,6,CONFAZ12_PISBA12,2018-06-01T00:00:00-03:00,138265421.48
2018-07-01,2018,1,7,CONFAZ12_PISBA12,2018-07-01T00:00:00-03:00,73848809.86
2018-08-01,2018,1,8,CONFAZ12_PISBA12,2018-08-01T00:00:00-03:00,146936048.5
2018-09-01,2018,1,9,CONFAZ12_PISBA12,2018-09-01T00:00:00-03:00,137969265.09
2018-10-01,2018,1,10,CONFAZ12_PISBA12,2018-10-01T00:00:00-03:00,139904075.86
2018-11-01,2018,1,11,CONFAZ12_PISBA12,2018-11-01T00:00:00-03:00,153255365.59
2018-12-01,2018,1,12,CONFAZ12_PISBA12,2018-12-01T00:00:00-02:00,145195828.27
2019-01-01,2019,1,1,CONFAZ12_PISBA12,2019-01-01T00:00:00-02:00,151660505.29
2019-02-01,2019,1,2,CONFAZ12_PISBA12,2019-02-01T00:00:00-02:00,142702543.85
2019-03-01,2019,1,3,CONFAZ12_PISBA12,2019-03-01T00:00:00-03:00,144155376.22
2019-04-01,2019,1,4,CONFAZ12_PISBA12,2019-04-01T00:00:00-03:00,130457220.7
2019-05-01,2019,1,5,CONFAZ12_PISBA12,2019-05-01T00:00:00-03:00,155720219.23
2019-06-01,2019,1,6,CONFAZ12_PISBA12,2019-06-01T00:00:00-03:00,133765864.91
2019-07-01,2019,1,7,CONFAZ12_PISBA12,2019-07-01T00:00:00-03:00,150157084.56
2019-08-01,2019,1,8,CONFAZ12_PISBA12,2019-08-01T00:00:00-03:00,144629445.61
2019-09-01,2019,1,9,CONFAZ12_PISBA12,2019-09-01T00:00:00-03:00,128330149.59
2019-10-01,2019,1,10,CONFAZ12_PISBA12,2019-10-01T00:00:00-03:00,137554829.49
2019-11-01,2019,1,11,CONFAZ12_PISBA12,2019-11-01T00:00:00-03:00,140992319.56
2019-12-01,2019,1,12,CONFAZ12_PISBA12,2019-12-01T00:00:00-03:00,174201702.94
2020-01-01,2020,1,1,CONFAZ12_PISBA12,2020-01-01T00:00:00-03:00,158609102.23
2020-02-01,2020,1,2,CONFAZ12_PISBA12,2020-02-01T00:00:00-03:00,136919239.38
2020-03-01,2020,1,3,CONFAZ12_PISBA12,2020-03-01T00:00:00-03:00,126297173.62
2020-04-01,2020,1,4,CONFAZ12_PISBA12,2020-04-01T00:00:00-03:00,69144123.3
2020-05-01,2020,1,5,CONFAZ12_PISBA12,2020-05-01T00:00:00-03:00,55355255.71
2020-06-01,2020,1,6,CONFAZ12_PISBA12,2020-06-01T00:00:00-03:00,58849945.33
2020-07-01,2020,1,7,CONFAZ12_PISBA12,2020-07-01T00:00:00-03:00,126223132.74
2020-08-01,2020,1,8,CONFAZ12_PISBA12,2020-08-01T00:00:00-03:00,208102014.03
2020-09-01,2020,1,9,CONFAZ12_PISBA12,2020-09-01T00:00:00-03:00,154610758.86
2020-10-01,2020,1,10,CONFAZ12_PISBA12,2020-10-01T00:00:00-03:00,217855831.49
2020-11-01,2020,1,11,CONFAZ12_PISBA12,2020-11-01T00:00:00-03:00,205636463.77
2020-12-01,2020,1,12,CONFAZ12_PISBA12,2020-12-01T00:00:00-03:00,169219079.6
2021-01-01,2021,1,1,CONFAZ12_PISBA12,2021-01-01T00:00:00-03:00,165611762.83
